0
14.3535
10.7399
7.97766
2.82988
0.12773
5.81666
1.58112
8.55249
5.01163
1.39408
0.626844
2.49298
2.67052
2.36599
0.681199
0.698696
0.184249
4.63302
0.839699
0.619973
2.41762
0.426595
0.409033
2.93628
1.7197
1.46845
1.2444
1.63255
2.09473
1.73627
0.259541
0.726623
0.475618
1.11943
0.446805
1.67258
0.0731113
1.45566
2.51736
2.59866
2.60736
2.96044
4.90123
3.13715
1.07039
0.291027
1.92444
1.08702
1.19112
0.540175
2.82219
0.0162128
4.41632
0.15981
0.462968
2.66304
1.37975
1.98318
0.561713
1.77285
0.0394623
1.56434
2.87138
2.2374
1.62351
0.400769
0.801116
0.881979
1.71146
1.27742
1.4219
2.07796
0.215814
1.47972
2.18844
0.362542
1.58838
0.0528324
2.49527
0.491951
0.725826
2.71686
0.960798
0.633576
2.5522
2.58559
0.0587191
3.11435
0.599879
0.384071
0.789042
1.39229
1.00571
1.13259
0.641801
1.9469
2.38907
1.19563
3.95865
0.628439
0.00729729
3.81263
1.82325
1.2515
2.78508
0.345792
0.870026
3.49925
1.50072
3.08767
0.772849
0.909021
6.76188
4.22013
1.16423
1.78012
0.513917
4.59364
0.322001
0.412431
1.26823
1.09126
2.73928
0.177041
1.27902
1.18159
2.37351
3.12045
0.992108
0.22604
0.478191
0.589989
1.08475
3.56274
2.03118
0.120632
0.129361
7.21769
0.913375
2.3619
0.214366
1.89749
0.816663
1.22703
4.39307
1.64095
2.14827
0.173172
1.44677
0.483048
6.84592
0.578095
0.882243
2.69335
2.19604
5.34733
4.77528
1.6413
2.15734
4.19874
2.40557
0.399595
0.305806
2.58543
4.77507
1.01772
1.64475
1.01412
0.0726026
0.549495
2.77548
0.0671567
3.74009
1.61009
12.8259
0.9678
0.952873
1.40635
0.0118693
1.01031
7.2259
1.94294
1.18289
1.75242
4.18802
4.36155
3.20385
0.154727
0.688238
0.725915
0.359143
1.62368
2.95704
0.510372
7.16743
1.21689
1.13954
0.0522571
0.543452
2.53977
1.66882
2.71871
0.16306
0.492234
0.97938
0.0659718
1.33239
0.243198
3.65291
2.37424
0.315362
1.13266
1.32193
0.103768
0.358786
3.24111
0.371088
1.12634
2.25473
0.217022
2.89863
5.92476
1.70412
1.30284
0.0127552
3.96491
1.01832
3.0498
1.35197
2.14395
1.70585
0.628934
1.55831
0.203905
2.2335
7.85493
0.420841
3.76735
1.48528
2.42272
0.287021
4.43197
0.598445
2.14448
0.392868
0.425211
7.02497
4.76761
0.387458
