18.4316
3.48614
6.3184
0.952293
1.86524
5.34094
2.74901
1.0693
3.16292
1.03526
3.56694
1.53491
3.76562
5.35239
3.42503
5.35063
6.48421
2.71689
3.84738
3.88833
1.96471
1.84598
0.769248
1.78229
1.94134
12.3612
0.626817
1.43568
2.35286
1.48372
1.84844
1.80033
0.30119
5.53148
1.71913
2.80853
1.81269
1.12684
0.579231
0.411673
3.63816
0.279215
2.30276
0.677271
0.676554
1.24237
5.80354
1.08706
2.95052
5.64177
4.29398
2.03832
5.15053
0.188269
1.50022
0.16929
2.08737
10.988
1.22655
0.645107
0.800172
9.92278
4.7134
0.928946
1.52396
6.91669
0.701992
4.55816
4.47169
8.97939
2.12801
8.96773
1.30641
2.01532
0.578563
1.8878
1.96014
3.53761
0.985217
1.03925
3.73067
5.02083
1.51992
2.79299
2.36147
4.45386
0.0784751
3.32661
0.460903
0.559489
2.52293
2.62743
0.695332
4.36692
2.96198
1.21711
7.88301
2.91205
3.33868
1.38312
3.0806
5.47074
1.34603
1.33365
1.91126
2.34082
1.51602
3.84808
1.29679
1.13806
2.60235
2.52627
0.725501
3.58498
0.919078
0.957751
1.19975
2.08947
2.20353
2.54587
5.81753
5.80072
1.1589
5.18314
2.72549
2.92835
0.174279
3.77997
0.715012
3.57671
2.08661
0.567067
4.62738
1.53571
0.658439
6.69157
5.32542
2.92241
6.58598
3.8616
4.57946
2.53054
0.841263
0.337214
3.09424
1.43343
0.0498235
2.09789
4.59366
0.144021
6.26592
0.719045
5.96101
1.29805
1.65044
0.683583
1.24716
1.65678
2.25626
2.15815
2.60578
4.25728
2.49915
0.489359
4.41115
2.09842
1.84509
4.31855
7.5947
2.92951
1.42591
1.08223
3.17532
1.96054
5.25598
2.6137
2.46776
1.72406
4.57388
1.49889
1.93214
4.35921
1.40347
0.43215
0.809445
4.58574
0.735449
1.30769
1.4339
7.23051
0.189086
10.9332
3.8062
1.73457
0.787197
0.838785
2.50085
1.83914
3.93122
1.79449
1.96525
2.13809
9.64198
7.1834
0.0140312
1.36493
2.22925
2.08804
0.572351
0.22201
9.27593
2.19973
0.849372
2.03972
4.83142
1.66041
4.5483
1.82349
4.11544
7.94285
1.47054
5.73908
3.84882
1.72615
1.84062
3.04159
2.28203
7.59836
3.21621
0.312468
0.223059
0.57385
0.654885
6.63397
7.83399
0.446999
3.32219
0.0982004
1.8967
0.743278
1.52071
8.2231
0.483824
7.47443
4.27961
1.83924
3.36106
3.36056
2.29317
